1                   3               0.005               0.005               0.006               0.005               0.005               0.005               0.005               0.005               0.005               0.006
3                   3                0.01               0.009               0.009               0.011               0.011               0.011               0.011               0.011               0.011                0.01
3                   9               0.013               0.012               0.013               0.014               0.013               0.013               0.014               0.013               0.013               0.014
9                  20               0.044               0.041               0.041               0.042               0.043               0.043               0.044               0.043               0.043               0.041
20                  30               0.029                0.03               0.031                0.03               0.029               0.029               0.029               0.028               0.029                0.03
30                  40               0.042               0.046               0.044               0.043               0.046               0.042               0.043               0.043               0.042               0.043
40                  58               0.059               0.058               0.059               0.058               0.059               0.059               0.059               0.059               0.058               0.058
58                  68               0.086               0.085               0.084               0.085               0.088               0.092               0.222               0.102               0.097               0.098
68                  73               0.112               0.151               0.175                0.11               0.113               0.122               0.105               0.105               0.141               0.118
73                  81               0.108               0.109               0.112               0.107               0.111               0.112               0.109               0.108               0.107               0.107
81                  99               0.785               0.971                0.97                0.89               0.808               0.872               0.857               0.911               0.884               0.893
99                 112               0.731               0.731               0.723               0.817               0.697               0.725               0.708               0.695               0.697               0.743
112                 124               0.831               0.892               0.858               1.169               0.849               0.824               0.988               0.813               0.812                 0.8
124                 130               0.928               0.846               0.937               0.839               0.838               0.838               0.869               1.012               0.948               0.847
130                 137               0.882               0.808               0.801               0.943               0.931               0.881               0.824               0.918               0.826               0.875
137                 143               1.372               1.396               1.703               1.414               1.652               1.459               1.482               1.779               1.777               1.434
143                 154               1.053               1.198               1.183               0.984               0.927               0.956               0.958               0.951               0.946                0.92
154                 177               0.947               0.964               1.006               1.164                1.04               0.949               0.963               1.188               1.183               1.253
177                 207               2.758               2.034               2.267                1.84               1.751               1.684               1.735               1.693               1.946               2.844
207                 221               1.371               1.124               1.258               0.873               0.828               1.115               0.856               0.835               0.889               0.994
221                 312               1.629               1.709               1.668               1.706               2.017               1.969                2.07                 1.7               2.829               1.968
312                 331               0.658               0.749                0.66               0.709               0.718               1.107               0.966               1.033               0.732               1.113
331                 434                0.59               0.593               0.678               0.862               1.112               0.715                1.04                0.73               0.773               0.663
434                 538               3.493               3.824               4.111                3.57                3.67               3.699               3.579               3.881               3.927               3.589
538                 546               1.199               0.951               1.042               0.936               0.947               0.945               1.017               0.969               0.935               1.275
546                 711               7.595               7.236               7.751               6.846               6.452                7.33               6.311               6.536               7.265               6.968
711                 766               4.168               4.215               3.811               4.633               3.942               4.259               3.643               4.175               3.969               4.039
766                 887               1.637               1.556               1.348               1.815               1.645               1.617               1.641               1.343               1.447                1.48
887                1085               4.298               4.219               4.036               3.855                5.09               5.883               4.759               3.822                3.92               5.087
1085                2153               3.423               3.664               2.061               3.552               3.906               3.234               4.289               2.127                2.22               3.117
