1               0.005               0.005               0.006               0.005               0.004               0.004               0.004               0.004               0.005               0.005
3                0.01                0.01               0.011               0.011               0.022               0.011               0.011               0.012               0.012               0.011
3               0.013               0.012               0.013               0.012               0.012               0.012               0.012               0.012               0.012               0.012
9               0.037               0.035               0.035               0.036               0.037               0.038               0.036               0.037               0.037               0.035
20               0.074               0.077               0.077               0.075               0.077               0.073               0.076               0.073               0.074               0.074
30               0.112               0.108               0.111               0.108               0.117               0.114               0.108                0.11               0.108               0.109
40               0.141               0.143               0.141               0.141                0.14                0.14                0.15               0.142               0.142               0.142
58               0.201               0.205                0.21               0.201               0.212               0.208               0.223               0.257               0.214               0.225
68               0.277               0.275               0.337               0.337               0.293               0.285               0.314               0.271               0.278               0.269
73               0.258               0.261               0.313               0.311               0.287               0.371               0.326               0.265                 0.3                0.26
81               0.326               0.289                0.31               0.325               0.321               0.313               0.334               0.299               0.309               0.331
99               0.409               0.377               0.359               0.356               0.453               0.347                0.36               0.343               0.357               0.359
112               0.456               0.486               0.513                0.46               0.443               0.463               0.462               0.495               0.494               0.475
124               0.533               0.565                0.51               0.511                 0.7               0.533               0.518               0.523               0.569                0.52
130                0.58               0.533               0.535               0.603               0.579               0.578               0.571                0.52               0.594               0.579
137               0.541               0.511               0.526               0.507               0.543               0.664               0.517               0.475               0.596               0.583
143               0.588               0.735               0.593               0.757               0.588               0.588               0.579               0.587               0.591               0.582
154               0.631               0.615               0.641               0.703               0.693               0.671               0.607               0.659               0.834               0.727
177               0.782               1.876                0.92               0.814               0.793               0.711               0.734               0.724               0.757               0.798
207               1.114               1.257               1.275               0.883               0.779               0.798                0.95               0.822               0.721                0.82
221                0.81               0.767               0.842               0.772               0.774               0.926               0.801               1.162               0.772               0.809
312               1.232               1.138               1.746               1.171               1.113               1.116               1.255               1.768               1.398               1.149
331               1.192               1.224               1.195               1.173                1.94                1.49               1.396               1.591               1.415               1.524
434               1.708                1.74               1.882               1.827               1.753               1.914               1.871               1.657               2.198               1.801
538               2.565               2.756               2.774               2.405               2.256               2.153               2.573               2.244               2.629               2.918
546               3.168                2.61               2.305               2.473               2.352               2.435               2.571               2.647               2.713               2.955
711               3.001               3.455               3.288               2.866               2.759               3.531               2.886                2.77               3.173               3.318
766               3.145               3.659               3.236               4.084               4.372               3.528               3.783               3.497               3.165               3.832
887               4.177               3.571               3.719               3.687               3.292               6.193               4.593               4.616               5.077               6.701
1085               5.499               6.537               5.295               4.566                9.08               7.784               8.189               5.335               4.675               5.526
