1                   3               0.029               0.025               0.016               0.016               0.016               0.016               0.015               0.016               0.016               0.027
3                   3               0.019               0.018               0.017               0.018               0.017               0.018               0.017               0.017               0.017               0.017
3                   9               0.056               0.057               0.056               0.059               0.065               0.057               0.056               0.056               0.058               0.057
9                  20               0.117               0.117               0.117               0.119               0.117               0.117               0.123                0.12               0.125               0.124
20                  30               0.214               0.187               0.184               0.188               0.182               0.188               0.184               0.185               0.178               0.178
30                  40               0.236               0.234               0.234               0.237               0.235               0.232               0.232               0.234               0.234               0.233
40                  58               0.336               0.333               0.333               0.336               0.334               0.334               0.332               0.331                0.34               0.333
58                  68               0.394               0.395               0.394               0.395               0.392               0.392               0.394               0.396               0.394               0.396
68                  73               0.419                0.42               0.419               0.419               0.419               0.419                0.42               0.421               0.417               0.418
73                  81               0.467               0.468                0.47               0.468               0.468               0.469               0.468               0.469               0.472               0.468
81                  99               0.539                0.54               0.534                0.54                0.54               0.538               0.538               0.538                0.54               0.536
99                 112               0.694               0.708               0.708               0.704               0.703               0.699               0.699               0.709               0.727               0.722
112                 124               0.777               0.787               0.779               0.785               0.778               0.784               0.782               0.782               0.783               0.781
124                 130               0.827               0.828               0.829               0.831                0.83                0.83               0.831               0.833               0.829               0.831
130                 137               0.759               0.768               0.766               0.763               0.775               0.763                0.76               0.763               0.768                0.76
137                 143               0.898               0.897               0.913                 0.9               0.902               0.892               0.893               0.889               0.894               0.897
143                 154               0.959               0.958                0.96               0.958                0.96               1.014               0.958               0.955               0.959                0.96
154                 177               1.128               1.133               1.124               1.131               1.118               1.128               1.118               1.127               1.122               1.122
177                 207               1.145               1.152               1.145               1.152               1.135               1.145               1.135               1.144               1.128               1.141
207                 221               1.204               1.206               1.203               1.205                 1.2               1.207                 1.2               1.204               1.202               1.202
221                 312               1.771               1.758               1.762               1.778               1.909               1.781               1.779               1.769               1.769               1.769
312                 331               1.861               1.853               1.859               1.856               1.857               1.856               1.856               1.855               1.862               1.856
331                 434               2.459               2.493               2.461               2.472               2.474               2.459               2.455               2.458               2.455               2.466
434                 538               3.291                3.31               3.285               3.297               3.282               3.295               3.305               3.287               3.286               3.285
538                 546                3.35               3.355               3.347               3.352               3.342                 3.5               3.517               3.357               3.453               3.415
546                 711               4.464               4.129               4.133               4.395               4.549               4.884                4.25               4.152               4.145               4.147
711                 766               4.646               4.757               4.861               4.638               4.651               4.646               4.649                4.66               4.686               4.649
766                 887               5.425               5.466               5.421               5.439               5.466               5.434               5.423               5.409               5.414               5.427
887                1085               6.603               6.701               6.583               6.591               6.599                6.59               6.623               6.596               6.586               6.589
1085                2153              13.063              13.166              13.029              13.218              13.111              13.032              13.026               13.04               13.14              13.059
