1                   3               0.009                0.01                0.01               0.009                0.01               0.008                0.01               0.012                0.01               0.009
3                   3               0.012               0.009               0.009                0.01               0.009               0.009                0.01                0.01               0.009                0.01
3                   9               0.031               0.033               0.033               0.032                0.03               0.032               0.037               0.031               0.037               0.038
9                  20               0.074               0.059               0.062               0.063               0.059               0.069               0.071               0.066               0.069                0.06
20                  30               0.092               0.095               0.096               0.093               0.089               0.186               0.146               0.177               0.123               0.141
30                  40               0.169                0.14               0.159               0.167               0.157                0.18               0.139               0.131               0.165               0.167
40                  58                0.23               0.194               0.233               0.259               0.222               0.206               0.242               0.231               0.236               0.251
58                  68               0.313               0.253                0.26               0.254               0.258               0.219               0.279               0.299               0.302               0.318
68                  73               0.296                0.29                 0.3                0.31               0.287               0.283                0.28               0.265               0.296               0.243
73                  81               0.271               0.264               0.246               0.239               0.241               0.233               0.258               0.228               0.272                0.25
81                  99               0.269               0.291                0.27               0.271               0.267               0.297               0.272               0.265                0.27               0.276
99                 112               0.366               0.343               0.369               0.361               0.362               0.341               0.343               0.401               0.359                 0.4
112                 124               0.423               1.129               0.504               0.425               0.479               0.415               0.388               0.388               0.396               0.397
124                 130               0.416               0.411               0.422               0.447               0.408               0.406                 0.4               0.423               0.429               0.428
130                 137               0.398               0.406               0.396               0.437                0.37                0.38               0.386               0.369               0.406               0.369
137                 143               1.032               0.474               0.477               0.471               0.462               0.446               0.441               0.445               0.443               0.444
143                 154               0.499               0.475               0.471               0.464                0.46                 0.5               0.469               0.472               0.495               0.473
154                 177               0.553               0.579               0.555               0.543               0.559               0.551               0.548               0.552                0.55               0.643
177                 207               0.564               0.583               0.569               0.567               0.565                0.57               0.583               0.572               0.575               0.584
207                 221               0.619               0.613               0.619               0.642               0.623               0.627               0.648               0.666               0.697               0.629
221                 312               0.945               0.897               0.881               0.882               0.914               0.897               0.911               0.958               0.953               0.904
312                 331               0.947               0.951               0.976               0.973               0.953               0.945               1.727               1.698               1.663               1.818
331                 434               2.101               2.017               2.158               2.316               2.053               2.128               2.392               2.033               2.025               1.993
434                 538               2.653               1.693                1.65               2.334               3.396               3.795                3.13               3.116               3.468               3.503
538                 546               2.982               3.137                3.03               2.977               3.084               3.035                2.98               2.934               3.093               3.037
546                 711               4.096               3.814               3.743               4.219               3.759               3.665               3.701                3.86               3.667               3.871
711                 766               3.591               4.302               4.047               4.056               4.043               2.684               2.493               2.552               2.624               2.824
766                 887               3.115               2.794               3.445               2.995               2.685               2.772               4.525               5.512               3.304               4.078
887                1085               5.996               6.278               6.263               5.822                 5.9               6.367               6.061               5.683               6.328               5.887
1085                2153              12.063              13.166              14.029              13.218              12.111              14.032              13.026               14.04               14.14              14.059