1                   3               0.018               0.017               0.014               0.013               0.013               0.013               0.012               0.011               0.012               0.012
3                   3               0.012               0.013               0.012               0.015               0.015               0.015               0.015               0.015               0.014               0.013
3                   9               0.046                0.04                0.04                0.04               0.042                0.04                0.04               0.041                0.04               0.041
9                  20               0.082               0.081               0.091               0.083               0.083                0.08                0.08                0.08               0.089               0.086
20                  30               0.134               0.128                0.12               0.126               0.136               0.127               0.122               0.126               0.122               0.133
30                  40                0.16               0.159               0.159               0.157               0.158               0.163               0.162               0.158               0.159               0.161
40                  58               0.235               0.222               0.228               0.225                0.23               0.224               0.233               0.231               0.238               0.222
58                  68               0.264               0.268               0.261               0.261               0.258               0.264               0.261               0.268                0.26               0.258
68                  73               0.275               0.275               0.275               0.275               0.289               0.283               0.273               0.274               0.275               0.285
73                  81               0.306               0.312               0.311               0.304               0.311               0.308                0.32                0.31               0.314               0.309
81                  99               0.365               0.374               0.362               0.364               0.361               0.366               0.371               0.365               0.357               0.359
99                 112                0.46               0.457               0.463               0.462               0.458               0.463               0.451               0.461               0.455               0.522
112                 124                0.54               0.545               0.566               0.541               0.516               0.527                0.51               0.512               0.512               0.501
124                 130               0.536               0.587               0.533                0.56               0.581               0.526               0.535               0.544               0.543               0.531
130                 137               0.534               0.531               0.505               0.514               0.512               0.522               0.529               0.517               0.507               0.507
137                 143               0.589               0.601               0.576               0.807               0.576               0.575               0.585               0.583               0.576               0.567
143                 154               0.613               0.738               0.838               0.628               0.615               0.613               0.615               0.606               0.613               0.611
154                 177               0.716               0.705               0.702               0.742               0.768               0.706               0.753               0.722               0.704               0.712
177                 207               0.717               0.854               0.718               0.718               0.718               0.717               0.714               0.717               0.718               0.734
207                 221               0.768               0.991               0.745               0.743               0.748               0.739               0.746               0.745               0.748               0.742
221                 312               1.095               1.069               1.076               1.072               1.078               1.084               1.078               1.064                1.07               1.083
312                 331               1.152               1.184               1.174               1.179               1.142               1.143               1.494               1.586               1.871               2.171
331                 434                2.63               3.105               2.578               2.912               2.959               2.616               2.813               2.719               2.806               3.174
434                 538               3.791               2.084               2.493               2.572               2.705               2.624               2.593               2.659               2.147               2.047
538                 546               2.055               2.079               2.138               2.164               2.127               2.135               2.121               3.656               3.845               3.771
546                 711               4.611               4.485                2.66               2.645                2.75               2.648                2.61               2.724               4.606               4.699
711                 766               3.316               3.066               3.151               2.974               2.989                 4.9               2.899               3.032               2.936                2.93
766                 887               3.357               3.715               3.375               3.427               3.543               4.254               5.989                5.95               6.005               5.052
887                1085               4.174               6.444               4.165               4.111               4.203               4.129               4.309               5.579               4.803               4.961
1085                2153               8.411                8.08               7.994               8.133               8.269               8.463               8.636               8.991              13.314              12.943
