1                   3               0.025               0.018               0.013               0.012               0.013               0.013               0.014               0.015               0.014               0.013
3                   3               0.015               0.016               0.015               0.014               0.014               0.014               0.015               0.016               0.014               0.014
3                   9               0.044               0.043               0.042               0.042               0.045               0.044               0.047               0.042               0.042               0.044
9                  20               0.086               0.087               0.089               0.089               0.089               0.089               0.087               0.088               0.088                0.09
20                  30               0.131               0.131                0.13               0.131               0.131               0.128               0.128               0.128               0.129               0.128
30                  40               0.169               0.168               0.168               0.168               0.168               0.171               0.168                0.17               0.167               0.168
40                  58               0.241               0.239               0.236               0.229               0.239               0.241               0.239                0.24               0.249               0.238
58                  68               0.276               0.279               0.278               0.278               0.278               0.278                0.28               0.279               0.273               0.276
68                  73               0.299                 0.3               0.297               0.299               0.299               0.299               0.299                 0.3               0.296               0.293
73                  81               0.333               0.333               0.332               0.334               0.332               0.337               0.337                0.33               0.343               0.415
81                  99               0.395               0.425               0.391               0.386               0.388               0.383               0.389               0.389               0.386               0.388
99                 112               0.499                 0.5                0.49               0.498               0.498               0.503               0.498               0.498               0.498               0.497
112                 124               0.554               0.558               0.554               0.554               0.559               0.551               0.607               0.542               0.559               0.559
124                 130               0.583                0.58               0.586               0.581               0.581               0.571               0.584               0.582               0.587               0.583
130                 137               0.541               0.542                0.54               0.545               0.535               0.541               0.541               0.543               0.539               0.526
137                 143               0.636                0.65               0.702               0.691               0.648               0.636               0.634               0.634               0.637               0.626
143                 154               0.681               0.677                0.68               0.677               0.674               0.677               0.676               0.675               0.677               0.679
154                 177               0.795               0.783               0.802               0.796                0.78               0.789               0.789               0.791               0.781               0.791
177                 207               0.815               0.794               0.813               0.812               0.817               0.796               0.812               0.815               0.817               0.825
207                 221               0.896               0.898               0.863               0.862               0.858               0.844               0.859               0.858               0.861               0.836
221                 312               1.255               1.227               1.228               1.234               1.241               1.231               1.227               1.237               1.232                1.24
312                 331                 1.3               1.308               1.303               1.306               1.298               1.287               1.307               1.438               1.314               1.283
331                 434               1.706                1.69                 1.7               1.682               1.702                 1.7               1.702               1.708               1.682               1.703
434                 538               2.588               2.495               2.353                2.36               2.798               3.915               2.619               2.717               2.596               2.521
538                 546               2.433               2.408               2.421               2.348               2.432               2.553               2.717               2.514               2.472               2.493
546                 711               3.045               2.938               2.962               2.821               2.808               2.838                3.15               3.086               2.805               2.819
711                 766               3.145               3.125               3.339               3.121               3.357               3.865               3.234               3.457               4.713               7.449
766                 887               6.266                7.91               6.912               5.215               4.373               3.737               3.832                3.77               4.005               4.255
887                1085               5.066               5.239               4.966               5.137               5.391               4.949               4.838               5.134               4.778               4.866
1085                2153               9.824              10.655               9.122                8.97               8.991               9.022               8.957               9.758               9.759               9.584
