1                   3                   0
3                   3            0.142857
3                   9                   0
9                  20                   0
20                  30            0.753333
30                  40            0.842697
40                  58            0.754237
58                  68            0.864469
68                  73            0.714702
73                  81            0.606944
81                  99                   0
99                 112                   0
112                 124          0.00238131
124                 130           0.0167658

