1                   3                   0
3                   3            0.142857
3                   9                   0
9                  20                   0
20                  30            0.753333
30                  40            0.842697
40                  58            0.754237
58                  68            0.864469
68                  73            0.835025
73                  81            0.879464
81                  99                   0
99                 112                   0
112                 115            0.048659
115                 124          0.00267381
124                 130           0.0724896
