1                   3               0.001               0.005               0.004                   0                   0                   0                   0               0.001                   0                   0
3                   3               0.004               0.003               0.003               0.004               0.004               0.004               0.003               0.003               0.003               0.003
3                   9               0.002               0.002               0.002               0.002               0.002               0.002               0.002               0.003               0.004               0.002
9                  20               0.014               0.016               0.014               0.014               0.014               0.015               0.014               0.014               0.014               0.015
20                  30               0.019                0.02               0.019               0.019               0.018                0.02                0.02               0.019               0.021               0.019
30                  40                0.03               0.029                0.03                0.03                0.03                0.03               0.029                0.03                0.03                0.03
40                  58               0.042               0.041               0.041               0.039                0.04                0.04                0.04               0.042               0.045               0.042
58                  68               0.061               0.062               0.063               0.062               0.062               0.062               0.062               0.062                0.06               0.061
68                  73               0.073               0.072               0.074               0.072               0.074               0.073               0.074               0.075               0.072               0.073
73                  81               0.077               0.078               0.078               0.078               0.079               0.078               0.078               0.078               0.078               0.097
81                  99                0.26               0.247               0.244               0.246               0.243               0.245               0.244               0.251               0.246               0.246
99                 112               0.134               0.134               0.133               0.134               0.136               0.133               0.134               0.136               0.135               0.134
112                 124               0.385               0.388               0.383               0.385               0.383               0.397               0.396               0.394               0.392               0.384
124                 130               0.412               0.414               0.411               0.414               0.411               0.414               0.413               0.415               0.409               0.394
130                 137                0.21               0.209               0.209               0.209                0.21                0.21                0.21               0.209               0.212               0.208
137                 143               0.182               0.184               0.183               0.215               0.181               0.188               0.182               0.182               0.182               0.184
143                 154               0.328               0.328                0.32               0.328               0.326               0.329               0.318               0.325               0.327               0.328
154                 177               0.424               0.429               0.428               0.423               0.424               0.421               0.422               0.424               0.422                0.42
177                 207               0.452               0.443                0.45               0.447               0.448                0.45               0.448               0.448               0.443               0.454
207                 221               0.369               0.353               0.354               0.351               0.352               0.351               0.351               0.349               0.351               0.349
221                 312               0.475               0.467               0.471               0.481                0.47               0.474                0.47               0.472                0.47               0.468
312                 331                0.43                0.43               0.431               0.432               0.446               0.429               0.434               0.454               0.439                0.43
331                 434               0.436               0.433               0.435               0.435               0.436               0.433               0.443               0.437               0.435               0.523
434                 538                1.86               0.922               0.904               0.904               1.054               1.254               0.931               1.125               0.874               1.093
538                 546               0.638               0.688               0.654               0.682               0.747               0.655                 0.7               0.668               0.657               0.694
546                 711               2.084                1.93               1.925               1.717               1.709               1.783               1.947               1.856               1.721               1.713
711                 766               1.554               1.538               1.764               1.587               1.579               1.665               1.701               2.502               2.648               2.488
766                 887               1.469               1.976               1.304               1.104               0.988               1.002               0.946               0.989               0.971               1.107
887                1085               1.698               1.675               1.684               1.763                1.83               1.717               1.719               1.701               1.691               1.795
1085                2153               1.429               1.688               1.328               1.318               1.331               1.336               1.333               1.425               1.564               1.328
