1                   3               0.002               0.003               0.002               0.002               0.002               0.002               0.001               0.001               0.001               0.001
3                   3               0.004               0.004               0.004               0.004               0.004               0.004               0.004               0.004               0.004               0.004
3                   9               0.005               0.005               0.005               0.005               0.005               0.005               0.005               0.005               0.005               0.005
9                  20               0.019               0.022               0.023               0.019               0.019               0.019               0.019               0.019               0.024               0.019
20                  30               0.019               0.018               0.017               0.019               0.017               0.017               0.017               0.018               0.017               0.019
30                  40               0.026               0.026               0.028               0.026               0.026               0.029               0.027               0.025               0.038               0.025
40                  58               0.037               0.035               0.035               0.037               0.036                0.04               0.035               0.036               0.038               0.036
58                  68               0.052               0.054               0.054               0.053               0.052               0.055               0.052               0.053               0.051               0.052
68                  73               0.063               0.061               0.061                0.06               0.074               0.061               0.061               0.061               0.064               0.061
73                  81               0.065               0.066               0.064               0.066               0.065               0.064               0.067               0.066               0.065               0.065
81                  99               0.242               0.238                0.24                0.24               0.242                0.24               0.239               0.239               0.247               0.252
99                 112               0.173               0.179               0.173               0.177               0.179               0.184               0.173               0.177               0.175               0.183
112                 124               0.366               0.403               0.354               0.364               0.354               0.363               0.364               0.359               0.355               0.358
124                 130               0.391               0.381               0.387               0.385               0.381                 0.4                0.39               0.384               0.384               0.397
130                 137               0.262               0.261               0.262               0.257               0.259               0.257               0.258               0.258                0.26               0.262
137                 143               0.233               0.243               0.234               0.296               0.233                0.23               0.233               0.242               0.233               0.232
143                 154               0.496               0.479               0.359               0.335               0.333               0.339               0.338               0.333               0.334               0.332
154                 177               0.415               0.417               0.413               0.411               0.424               0.447               0.413               0.416               0.413               0.418
177                 207                0.46               0.455               0.454               0.457               0.463               0.459               0.457               0.462               0.484               0.475
207                 221               0.506               0.332               0.326               0.327               0.329               0.328               0.328               0.325               0.328               0.325
221                 312               0.449               0.448               0.447               0.448               0.448               0.454               0.446                0.45               0.447               0.457
312                 331               0.345               0.341               0.361               0.369               0.336               0.345               0.406               0.418               0.617               0.654
331                 434               0.564               0.582               0.688               0.691               0.645               0.632               0.589               0.645               0.649               0.606
434                 538               1.882               1.086               1.153               1.293               1.157               1.133               1.187               1.324                0.95               0.955
538                 546               0.522                0.52               0.569               0.553               0.532               0.545               0.537                1.06               1.082               0.947
546                 711               2.936               1.657               1.635               1.722               1.709               1.656               1.639               1.618                 2.7               2.672
711                 766               1.501               1.402               1.523               1.498               2.008               2.371               1.397               1.451               1.444               1.424
766                 887               0.786               0.773                0.78               0.776                0.85                 1.4               1.284               1.371               1.417               0.808
887                1085               1.407               1.466               1.398               1.402               1.443                1.54               1.606               1.659               1.547               1.514
1085                2153               1.216               1.171               1.184               1.219               1.286               1.184               1.266               1.229               2.366               1.207
