1                   3               0.003               0.003               0.003               0.003               0.003               0.003               0.002               0.004               0.003               0.003
3                   3               0.005               0.005               0.005               0.005               0.005               0.007               0.005               0.005               0.005               0.005
3                   9               0.007               0.007               0.011               0.007               0.007               0.008               0.008               0.009               0.008               0.007
9                  20               0.029                0.03               0.031               0.028                0.03                0.03                0.03               0.031               0.031                0.03
20                  30               0.013               0.014               0.013               0.013                0.02               0.029               0.021               0.016               0.015                0.02
30                  40               0.022               0.024               0.022               0.038                0.02               0.029               0.031                0.02                0.03               0.034
40                  58               0.038               0.037               0.046               0.042               0.051               0.027               0.028               0.039               0.037               0.035
58                  68               0.068               0.044               0.056               0.041               0.057               0.073               0.059               0.054               0.051               0.063
68                  73               0.083               0.072               0.054               0.074               0.092               0.068               0.058               0.065               0.049               0.066
73                  81               0.061               0.052               0.051               0.052                0.06               0.051               0.063               0.051               0.059               0.056
81                  99               0.328               0.342               0.336               0.322               0.346               0.321               0.317               0.323               0.325               0.352
99                 112               0.279               0.286               0.302               0.313               0.301                0.27               0.309               0.289               0.285               0.287
112                 124               0.456               0.499               0.476               0.448               0.491               0.438               0.436               0.476                 0.5               0.447
124                 130               0.482               0.499               0.484               0.494               0.487                 0.5               0.517               0.537               0.502               0.518
130                 137               0.397               0.392               0.462               0.425               0.414               0.421               0.437               0.389               0.393               0.404
137                 143               0.404               0.382               0.387               0.385               0.386               0.389               0.377               0.404               0.388               0.384
143                 154               0.442               0.443               0.494               0.452               0.442               0.449               0.445               0.461               0.521               0.445
154                 177               0.597               0.519               0.523                0.53               0.579               0.514               0.514               0.515               0.513               0.517
177                 207               0.646               0.626               0.663               0.626               0.628               0.617               0.623               0.636               0.628               0.642
207                 221               0.404               0.405               0.399               0.422                0.39               0.403                0.46               0.414                 0.4               0.446
221                 312               0.591               0.559               0.562               0.564               0.577               0.653               0.569               0.573               0.877               0.571
312                 331               0.307               0.303               0.317               0.327               0.299               0.297               0.565               0.465               0.498               0.543
331                 434               0.525               0.441               0.489               0.429               0.474               0.498               0.602               0.523               0.473               0.571
434                 538               1.428                1.33               1.313                2.74               2.935               2.626               2.462               2.752               3.005               2.785
538                 546               0.786               0.743               0.793               0.913               0.845               0.704               0.677               0.713               0.828               0.785
546                 711               4.303               4.053               4.157               5.068               4.456               4.169               4.239               3.677               4.169               4.358
711                 766               2.522               2.915               2.743               2.829                2.89               2.132               1.687               2.308               2.369               1.972
766                 887               0.666               0.644               0.746               0.675               0.612               0.647               0.925               0.983               0.914                1.21
887                1085               2.978                2.76               2.721               2.958               3.124               2.772               2.735               2.672               3.221               2.619
1085                2153               2.015               1.962               2.008               1.959               2.176               2.061               1.967               1.964               1.866               2.069