1                   3               0.004                0.01               0.003               0.004               0.004               0.003               0.003               0.003               0.004               0.004
3                   3               0.008               0.007               0.007               0.008               0.007               0.008               0.008               0.007               0.008               0.007
3                   9               0.011                0.01               0.011               0.011               0.011               0.011               0.011               0.011               0.011               0.011
9                  20               0.041                0.04               0.041               0.041                0.04               0.042               0.041               0.043               0.043                0.04
20                  30               0.033                0.03                0.03               0.029               0.029               0.034               0.029               0.029               0.029               0.029
30                  40               0.042               0.042               0.044               0.043               0.043               0.042               0.041               0.043               0.042               0.042
40                  58                0.06               0.059               0.058               0.058               0.058               0.059               0.058               0.058               0.058               0.057
58                  68               0.084               0.084               0.084               0.082               0.085               0.083               0.085               0.084               0.084               0.083
68                  73               0.098               0.098               0.098               0.098               0.099               0.099               0.098               0.099               0.099               0.098
73                  81               0.104               0.104               0.105               0.104               0.106               0.104               0.104               0.105               0.104               0.105
81                  99               0.444               0.444               0.444               0.442               0.442               0.443               0.442               0.443               0.443               0.442
99                 112               0.375               0.407               0.386               0.378               0.381               0.375                0.37               0.378               0.389               0.378
112                 124               0.637               0.652               0.637               0.638               0.639               0.638               0.637               0.638               0.636               0.635
124                 130               0.712               0.718               0.707               0.717               0.711               0.707               0.709                0.71               0.711               0.714
130                 137                0.56               0.561               0.565               0.559                0.56               0.562               0.561               0.562                0.56               0.571
137                 143               0.506               0.507               0.508               0.517               0.504               0.501               0.504               0.506               0.502               0.504
143                 154               0.654               0.657               0.656               0.657               0.663               0.687                0.66               0.654               0.658               0.655
154                 177               0.794               0.793               0.791               0.797               0.789               0.799               0.792               0.794                0.79               0.818
177                 207               0.942               0.947               0.941                0.93               0.928               0.931               0.927               0.931               0.924               0.928
207                 221               0.597               0.595               0.594               0.594               0.595               0.593                 0.6               0.592               0.593               0.593
221                 312               0.861               0.865               0.855               0.901               0.906               0.867               0.863               0.858               0.858                0.86
312                 331               0.543               0.542               0.545               0.544                0.54               0.544               0.544               0.541               0.544               0.543
331                 434               0.559               0.563               0.576               0.566               0.569               0.563               0.563               0.561               0.564               0.562
434                 538               2.015                2.02               2.011               2.014               2.032               2.034                2.04               2.016               2.021               2.021
538                 546               0.844               0.841                0.85               0.842               0.847               0.883               0.855               0.854               0.914               0.867
546                 711               3.151               3.046                3.06               3.329                3.55               3.282               3.436               3.048               3.051               3.041
711                 766               2.558               2.543               2.545               2.545               2.557               2.555               2.549               2.568               2.562               2.548
766                 887               1.239               1.231               1.235               1.229               1.245               1.228               1.233               1.227                1.23               1.231
887                1085               2.708               2.702               2.712               2.686               2.711               2.701               2.841               2.698               2.691               2.705
1085                2153               1.955               1.962               1.968               1.959               1.976               1.961               1.967               1.964               1.966               1.969
