3               0.025               0.025               0.023               0.023               0.022               0.022               0.023               0.022               0.022               0.022
3               0.024               0.024               0.024                0.03               0.025               0.024               0.026               0.024               0.025               0.023
9               0.069               0.069               0.072               0.071               0.075                0.07               0.075                0.07               0.069               0.071
20               0.147               0.144               0.145               0.144               0.149               0.152               0.151               0.151                0.16               0.151
30               0.217               0.228               0.225               0.225                0.23               0.213               0.216               0.217                0.22               0.218
40                0.29               0.281               0.296               0.276               0.304               0.285               0.285               0.279               0.281               0.285
58               0.397               0.394               0.403               0.392               0.396               0.395               0.396               0.396               0.395               0.402
68                0.46               0.458               0.456               0.458               0.505               0.553               0.557               0.546               0.547               0.543
73               0.636               0.828               0.682               0.563                0.66               0.542               0.798               0.713               0.703               0.557
81               0.564                0.65               0.628               0.577               0.619               0.692               0.574               0.555               0.586               0.554
99               0.683               0.666               0.721               0.755               0.692               0.697               0.741               0.691               1.006                0.85
112                0.93               0.914               1.212               0.936               0.884               0.881               0.867               0.856                0.86               0.858
124               0.944               0.996               0.988               0.977               0.942               0.957               1.009               0.972               0.986               0.967
130               1.108               1.051               1.081               1.152               1.121               1.006               0.994               1.076               1.012               1.038
137               1.144               1.053               0.982               1.133               1.306               1.024                1.02               0.996               1.143               1.025
143               1.164               1.122               1.154               1.183               1.276               1.175               1.097               1.189                1.23               1.176
154               1.273               1.774               1.472                1.54                1.19               1.245               1.157                1.18               1.167               1.188
177               1.401               1.377                1.38               1.494               1.545               1.393               1.325               1.631               1.612               1.502
207               1.724               1.427               2.069               1.477               1.402               1.314               1.417               1.334               1.867               1.863
221               1.933               1.798               2.118                1.44               2.327               1.699               1.599               1.449               1.428               1.722
312                2.14               2.233               2.236               2.062               2.033               3.433               2.549               2.817               2.201               2.226
331               2.176               2.385               2.876               2.274               2.412                2.53               2.482               2.652               2.673               2.468
434               2.873               2.911               2.965               3.359               3.996               3.575               3.237               3.353               3.823               3.456
538               4.401               4.891               4.661               4.584               4.998               5.337               4.402               4.656               4.564               4.701
546                5.51               4.707                4.96               4.213                4.23               4.223               5.586               4.686               5.349                5.24
711               5.775                5.73               5.447               5.784                5.13               5.371               5.728               5.685               5.082               5.362
766               6.282               6.501               6.324               6.113               6.468               7.588               6.148               6.921               6.491               6.752
887               7.618               7.631               7.541               7.223               8.661               7.922               7.186                7.17               7.892                7.86
1085               8.637               8.861               8.786               9.313               7.976               14.23                11.7               8.197               7.989               8.295
2153              19.767              20.559               18.58              21.606              36.807              30.166              34.176              18.723              16.664              19.521
