1                   3               0.001               0.001               0.001               0.001               0.001               0.001               0.002               0.001               0.001               0.001
3                   3               0.004               0.004               0.007               0.007               0.006               0.004               0.004               0.005               0.005               0.004
3                   9               0.003               0.003               0.003               0.004               0.004               0.003               0.003               0.006               0.005               0.005
9                  20               0.016               0.016               0.018               0.016               0.016               0.016               0.016               0.016               0.016               0.016
20                  30               0.231               0.262               0.237               0.233                0.23               0.237               0.229               0.226               0.229               0.228
30                  40               0.329                0.31               0.306                0.31               0.308               0.305                0.31               0.325               0.318               0.305
40                  58               0.543               0.545               0.562                 0.7               0.683               0.549               0.549               0.556                0.54               0.541
58                  68               0.768               0.745               0.746               0.747               0.755               0.757               0.749               0.741               0.746               0.743
68                  73               1.126               1.109               1.107               1.115               1.126               1.113               1.109               1.113               1.121               1.138
73                  81                1.28                1.26               1.289               1.391                1.33               1.335               1.319                1.26               1.262               1.261
81                  99               0.221               0.225               0.224               0.223               0.222               0.222               0.221               0.221               0.222               0.221
99                 112               0.157               0.158               0.157               0.157               0.158               0.159               0.157               0.157               0.157               0.157
112                 115               6.513              15.051               5.898               5.664               5.426               5.694               6.264               5.898               5.849               5.809
115                 124               8.435               9.696               8.655               9.002                9.13               8.742               8.432               8.465                8.47               8.433
124                 130                9.52               9.552               9.885              11.139              10.865              11.151               11.92              11.365              12.531              12.216
