1                   3               0.002               0.001               0.001               0.001               0.001               0.001               0.001               0.001               0.001               0.001
3                   3               0.003               0.003               0.004               0.004               0.003               0.003               0.004               0.003               0.003               0.003
3                   9               0.005               0.004               0.004               0.004               0.004               0.004               0.009               0.003               0.004               0.004
9                  20               0.016               0.017               0.023               0.018               0.023               0.023               0.024               0.019               0.016               0.016
20                  30               0.014               0.013               0.014               0.013               0.013               0.012               0.012               0.012               0.012               0.013
30                  40                0.02               0.019               0.021                0.02               0.019                0.02               0.019               0.019               0.019               0.019
40                  58               0.032               0.026               0.026               0.028               0.029               0.027               0.027               0.027               0.027               0.027
58                  68               0.054               0.042               0.046               0.053               0.042                0.04                0.04               0.041                0.04               0.041
68                  73               0.048               0.048               0.049                0.05               0.054               0.049               0.049               0.049               0.049               0.049
73                  81               0.051                0.05               0.051               0.051                0.05                0.05               0.051                0.05               0.054               0.052
81                  99               0.226               0.227               0.222               0.223               0.223               0.224               0.222               0.224               0.222               0.219
99                 112               0.164               0.157               0.158               0.158               0.159               0.159                0.16               0.159               0.159                0.16
112                 115               0.278               0.276               0.275               0.274               0.274               0.275               0.278               0.276               0.275               0.274
115                 124               0.315               0.313               0.351               0.374               0.322               0.339               0.323               0.338                0.32               0.312
124                 130               0.399               0.379               0.381               0.379               0.369               0.356               0.357               0.357               0.356               0.356
